0 0.935546875 0.7259114583333333 0.05078125 0.05859375
0 0.83642578125 0.736328125 0.0478515625 0.07161458333333333
0 0.73095703125 0.7298177083333333 0.0419921875 0.07421875
0 0.63330078125 0.736328125 0.0322265625 0.06380208333333333
0 0.54150390625 0.7213541666666666 0.0380859375 0.0625
0 0.46484375 0.74609375 0.04296875 0.07552083333333333
0 0.376953125 0.7239583333333333 0.044921875 0.0625
0 0.30126953125 0.7278645833333333 0.0478515625 0.0625
0 0.2138671875 0.736328125 0.04296875 0.053385416666666664
0 0.13427734375 0.7421875 0.0419921875 0.0703125
0 0.06005859375 0.7395833333333333 0.0361328125 0.0625
