0 0.66064453125 0.45342066957787486 0.1318359375 0.24599708879184862
0 0.40966796875 0.3871906841339156 0.1552734375 0.27365356622998543
0 0.2060546875 0.3937409024745269 0.091796875 0.1470160116448326
0 0.51171875 0.40538573508005826 0.072265625 0.17903930131004367
0 0.77001953125 0.47743813682678315 0.0615234375 0.17467248908296945
0 0.6015625 0.22270742358078605 0.060546875 0.09898107714701601
0 0.5068359375 0.16666666666666669 0.0546875 0.11208151382823872
0 0.40771484375 0.1710334788937409 0.0615234375 0.11790393013100438
0 0.75830078125 0.2423580786026201 0.0361328125 0.09461426491994178
0 0.9150390625 0.4970887918486172 0.046875 0.10043668122270742
0 0.87744140625 0.2794759825327511 0.0361328125 0.09024745269286755
0 0.94140625 0.33114992721979625 0.03125 0.07423580786026202
0 0.1513671875 0.28457059679767105 0.0546875 0.0975254730713246
