0 0.74072265625 0.5919117647058824 0.0380859375 0.08088235294117647
0 0.64599609375 0.5779411764705882 0.0439453125 0.08823529411764705
0 0.5830078125 0.6426470588235293 0.052734375 0.11176470588235293
0 0.529296875 0.6169117647058824 0.05078125 0.07794117647058824
0 0.47412109375 0.638235294117647 0.0537109375 0.09411764705882353
0 0.39599609375 0.5772058823529411 0.0302734375 0.054411764705882354
0 0.35400390625 0.6080882352941176 0.0361328125 0.06323529411764706
0 0.30908203125 0.6066176470588235 0.0400390625 0.060294117647058824
0 0.11376953125 0.6647058823529411 0.0615234375 0.10588235294117647
0 0.0283203125 0.65 0.0546875 0.14705882352941177
0 0.0712890625 0.5852941176470589 0.044921875 0.1
0 0.13720703125 0.5551470588235294 0.0322265625 0.07205882352941176
0 0.25927734375 0.6161764705882353 0.0458984375 0.08235294117647059
0 0.28662109375 0.5139705882352941 0.0283203125 0.051470588235294115
0 0.185546875 0.5308823529411765 0.0234375 0.047058823529411764
0 0.74560546875 0.15955882352941175 0.0185546875 0.03676470588235294
0 0.7060546875 0.18455882352941178 0.015625 0.027941176470588233
0 0.47900390625 0.1161764705882353 0.0166015625 0.029411764705882353
0 0.43994140625 0.09632352941176471 0.0166015625 0.027941176470588233
0 0.2998046875 0.09485294117647058 0.013671875 0.025
0 0.33544921875 0.10441176470588236 0.0126953125 0.026470588235294117
0 0.23681640625 0.08529411764705883 0.0107421875 0.029411764705882353
0 0.2607421875 0.0838235294117647 0.013671875 0.026470588235294117
0 0.20654296875 0.08529411764705883 0.0126953125 0.032352941176470584
0 0.14697265625 0.06470588235294117 0.0146484375 0.026470588235294117
0 0.17626953125 0.10220588235294117 0.0166015625 0.033823529411764704
0 0.1083984375 0.06911764705882353 0.015625 0.029411764705882353
0 0.63232421875 0.4485294117647059 0.0185546875 0.032352941176470584
0 0.568359375 0.48161764705882354 0.01953125 0.033823529411764704
0 0.67431640625 0.4573529411764706 0.0146484375 0.026470588235294117
0 0.43212890625 0.45 0.0166015625 0.032352941176470584
0 0.3974609375 0.4455882352941176 0.015625 0.03529411764705882
0 0.3720703125 0.4345588235294118 0.013671875 0.027941176470588233
