0 0.9296875 0.3188291139240506 0.0546875 0.11234177215189874
0 0.83740234375 0.29430379746835444 0.0419921875 0.10126582278481013
0 0.76904296875 0.20490506329113925 0.0556640625 0.10917721518987342
0 0.71044921875 0.18987341772151897 0.0517578125 0.11392405063291139
0 0.66015625 0.11708860759493671 0.05078125 0.12025316455696203
0 0.5380859375 0.1930379746835443 0.048828125 0.10126582278481013
0 0.4814453125 0.1360759493670886 0.048828125 0.10126582278481013
0 0.40283203125 0.20569620253164556 0.0439453125 0.0981012658227848
0 0.3515625 0.21044303797468353 0.041015625 0.09177215189873418
0 0.30029296875 0.23496835443037975 0.0458984375 0.1060126582278481
0 0.26806640625 0.1606012658227848 0.0458984375 0.09335443037974683
0 0.2197265625 0.18670886075949367 0.052734375 0.11708860759493671
0 0.140625 0.23180379746835442 0.0390625 0.08069620253164557
0 0.11669921875 0.20253164556962025 0.0400390625 0.08227848101265822
0 0.02587890625 0.13924050632911392 0.0400390625 0.0981012658227848
