0 0.76025390625 0.14926470588235294 0.0263671875 0.054411764705882354
0 0.8681640625 0.15588235294117647 0.037109375 0.06470588235294117
0 0.73681640625 0.1948529411764706 0.0263671875 0.060294117647058824
0 0.71044921875 0.30073529411764705 0.0322265625 0.06911764705882353
0 0.6884765625 0.1764705882352941 0.02734375 0.06764705882352941
0 0.62109375 0.17279411764705882 0.044921875 0.0661764705882353
0 0.57275390625 0.19926470588235293 0.0341796875 0.060294117647058824
0 0.509765625 0.22647058823529412 0.033203125 0.058823529411764705
0 0.5107421875 0.18161764705882352 0.029296875 0.04852941176470588
0 0.43994140625 0.13602941176470587 0.0478515625 0.0838235294117647
0 0.36376953125 0.22941176470588234 0.0244140625 0.058823529411764705
0 0.40576171875 0.18161764705882352 0.0224609375 0.054411764705882354
0 0.3369140625 0.20220588235294118 0.025390625 0.0661764705882353
0 0.27099609375 0.21470588235294116 0.0322265625 0.06764705882352941
0 0.23779296875 0.20147058823529412 0.0380859375 0.058823529411764705
0 0.177734375 0.24558823529411763 0.029296875 0.058823529411764705
0 0.12109375 0.20955882352941177 0.041015625 0.06911764705882353
0 0.1005859375 0.3382352941176471 0.03125 0.055882352941176466
0 0.06689453125 0.3602941176470588 0.0322265625 0.061764705882352944
0 0.076171875 0.24411764705882352 0.03515625 0.055882352941176466
0 0.0361328125 0.22573529411764706 0.037109375 0.075
