0 0.8408203125 0.3413528591352859 0.119140625 0.10948396094839609
0 0.775390625 0.02510460251046025 0.046875 0.03626220362622036
0 0.54296875 0.04149232914923291 0.044921875 0.0397489539748954
0 0.42578125 0.14435146443514643 0.033203125 0.030683403068340307
0 0.34130859375 0.12622036262203626 0.0439453125 0.03765690376569038
0 0.3046875 0.12761506276150628 0.029296875 0.030683403068340307
0 0.27490234375 0.13493723849372385 0.0224609375 0.021617852161785217
0 0.23193359375 0.12482566248256624 0.0361328125 0.030683403068340307
0 0.1796875 0.1290097629009763 0.03515625 0.03207810320781032
0 0.09130859375 0.13389121338912133 0.0361328125 0.03347280334728033
0 0.02587890625 0.1401673640167364 0.0263671875 0.022315202231520222
0 0.04443359375 0.12935843793584378 0.0244140625 0.024407252440725242
0 0.44873046875 0.648186889818689 0.0595703125 0.05509065550906555
0 0.1396484375 0.7653417015341701 0.130859375 0.12622036262203626
1 0.447265625 0.4490934449093445 0.44921875 0.41701534170153415
