0 0.8388671875 0.6371571072319202 0.033203125 0.06982543640897755
0 0.74365234375 0.6109725685785536 0.0302734375 0.059850374064837904
0 0.65966796875 0.6097256857855361 0.0361328125 0.06733167082294264
0 0.57080078125 0.60785536159601 0.0380859375 0.05860349127182045
0 0.494140625 0.6240648379052369 0.037109375 0.05860349127182045
0 0.41552734375 0.6122194513715711 0.0380859375 0.059850374064837904
0 0.33837890625 0.6097256857855361 0.0400390625 0.06733167082294264
0 0.2587890625 0.6041147132169576 0.037109375 0.06109725685785536
0 0.1748046875 0.6072319201995012 0.03515625 0.06483790523690773
0 0.25927734375 0.4912718204488778 0.0341796875 0.06483790523690773
0 0.3466796875 0.4918952618453865 0.0390625 0.06359102244389027
0 0.42236328125 0.49563591022443887 0.0361328125 0.05860349127182045
0 0.49462890625 0.493142144638404 0.0361328125 0.06608478802992518
0 0.65087890625 0.4937655860349127 0.0380859375 0.062344139650872814
0 0.56689453125 0.4906483790523691 0.0361328125 0.06109725685785536
0 0.09423828125 0.594139650872818 0.0361328125 0.0685785536159601
0 0.1796875 0.49438902743142144 0.04296875 0.07356608478802992
0 0.09033203125 0.48192019950124687 0.0400390625 0.0685785536159601
0 0.0654296875 0.3809226932668329 0.041015625 0.0685785536159601
0 0.13427734375 0.3765586034912718 0.0439453125 0.06733167082294264
0 0.21484375 0.3759351620947631 0.04296875 0.0685785536159601
0 0.29443359375 0.36658354114713215 0.0419921875 0.06733167082294264
0 0.3583984375 0.3697007481296758 0.037109375 0.06109725685785536
0 0.41259765625 0.37468827930174564 0.0361328125 0.05610972568578553
0 0.46533203125 0.37967581047381543 0.0341796875 0.06359102244389027
0 0.52294921875 0.3778054862842893 0.0341796875 0.062344139650872814
0 0.58740234375 0.3721945137157107 0.0380859375 0.06608478802992518
0 0.6728515625 0.3778054862842893 0.033203125 0.062344139650872814
0 0.74609375 0.3877805486284289 0.037109375 0.062344139650872814
0 0.83447265625 0.3827930174563591 0.0361328125 0.062344139650872814
0 0.1201171875 0.23628428927680797 0.03515625 0.06359102244389027
0 0.1884765625 0.2524937655860349 0.037109375 0.06608478802992518
0 0.244140625 0.25374064837905236 0.033203125 0.06109725685785536
0 0.2861328125 0.2549875311720698 0.03125 0.05610972568578553
0 0.32958984375 0.2524937655860349 0.0322265625 0.05610972568578553
0 0.3798828125 0.2549875311720698 0.033203125 0.05860349127182045
0 0.44189453125 0.2612219451371571 0.0361328125 0.06359102244389027
0 0.51953125 0.263715710723192 0.033203125 0.05361596009975062
0 0.5927734375 0.2655860349127182 0.033203125 0.062344139650872814
0 0.65576171875 0.263715710723192 0.0263671875 0.05112219451371571
0 0.724609375 0.27556109725685785 0.03515625 0.062344139650872814
0 0.7958984375 0.26745635910224436 0.0390625 0.06109725685785536
0 0.87548828125 0.26184538653366585 0.0400390625 0.06733167082294264
0 0.7216796875 0.4837905236907731 0.041015625 0.06733167082294264
0 0.81005859375 0.4894014962593516 0.0361328125 0.0685785536159601
0 0.90478515625 0.39900249376558605 0.0419921875 0.06483790523690773
0 0.8916015625 0.5105985037406484 0.0390625 0.06608478802992518
0 0.94482421875 0.5087281795511222 0.0400390625 0.0773067331670823
