0 0.42724609375 0.29782082324455206 0.1142578125 0.2179176755447942
0 0.73828125 0.1834140435835351 0.15234375 0.23607748184019373
0 0.138671875 0.46307506053268765 0.0859375 0.13196125907990316
0 0.208984375 0.40859564164648915 0.044921875 0.07627118644067797
0 0.0654296875 0.38075060532687655 0.05859375 0.09322033898305085
0 0.13525390625 0.31840193704600483 0.0361328125 0.04358353510895884
0 0.2060546875 0.31476997578692495 0.044921875 0.06053268765133172
0 0.029296875 0.2929782082324455 0.0390625 0.06295399515738499
0 0.576171875 0.32142857142857145 0.046875 0.07869249394673124
0 0.5205078125 0.30690072639225185 0.041015625 0.06900726392251816
0 0.60693359375 0.25544794188861986 0.0341796875 0.06779661016949153
0 0.583984375 0.12832929782082325 0.041015625 0.07506053268765134
0 0.51953125 0.22699757869249396 0.029296875 0.05447941888619855
