0 0.189453125 0.3083969465648855 0.056640625 0.12213740458015267
0 0.3017578125 0.42366412213740456 0.0546875 0.10534351145038168
0 0.31201171875 0.3320610687022901 0.0458984375 0.08396946564885496
0 0.3916015625 0.3061068702290076 0.04296875 0.10229007633587786
0 0.42822265625 0.36412213740458016 0.0556640625 0.1267175572519084
0 0.53173828125 0.3 0.0537109375 0.1083969465648855
0 0.6689453125 0.32213740458015266 0.0546875 0.11908396946564885
0 0.65771484375 0.5442748091603054 0.0556640625 0.14198473282442747
0 0.7783203125 0.33893129770992364 0.05078125 0.11297709923664122
0 0.8876953125 0.32900763358778623 0.060546875 0.1297709923664122
