0 0.14892578125 0.3620689655172414 0.0341796875 0.0896551724137931
0 0.21875 0.371551724137931 0.03125 0.08448275862068966
0 0.25439453125 0.3439655172413793 0.0302734375 0.08103448275862069
0 0.29833984375 0.38017241379310346 0.0341796875 0.08793103448275862
0 0.3427734375 0.38189655172413794 0.037109375 0.09482758620689655
0 0.36474609375 0.31810344827586207 0.0302734375 0.09137931034482759
0 0.4130859375 0.3629310344827586 0.029296875 0.09482758620689655
0 0.43798828125 0.30775862068965515 0.0302734375 0.09482758620689655
0 0.4619140625 0.38620689655172413 0.033203125 0.09655172413793103
0 0.5234375 0.3586206896551724 0.033203125 0.0896551724137931
0 0.59228515625 0.39827586206896554 0.0380859375 0.10344827586206896
0 0.60595703125 0.3456896551724138 0.0302734375 0.08103448275862069
0 0.65185546875 0.32241379310344825 0.0263671875 0.08620689655172414
0 0.66162109375 0.4051724137931034 0.0341796875 0.10344827586206896
0 0.68798828125 0.36379310344827587 0.0322265625 0.09310344827586206
0 0.7548828125 0.37241379310344824 0.033203125 0.09310344827586206
0 0.82373046875 0.3853448275862069 0.0341796875 0.10172413793103448
0 0.89990234375 0.40344827586206894 0.0400390625 0.09655172413793103
