0 0.25341796875 0.40588235294117647 0.1708984375 0.24705882352941178
0 0.73681640625 0.6536764705882353 0.0751953125 0.12794117647058822
0 0.76904296875 0.8044117647058824 0.1181640625 0.1411764705882353
0 0.97509765625 0.6367647058823529 0.0498046875 0.14411764705882352
0 0.93115234375 0.5110294117647058 0.0458984375 0.11323529411764706
0 0.84765625 0.5088235294117647 0.0546875 0.12058823529411765
0 0.75341796875 0.5095588235294117 0.0458984375 0.09264705882352942
0 0.720703125 0.4808823529411765 0.03515625 0.07647058823529412
0 0.63525390625 0.4455882352941176 0.0322265625 0.05
0 0.62060546875 0.5522058823529412 0.0498046875 0.09264705882352942
0 0.548828125 0.5551470588235294 0.05078125 0.10147058823529412
