0 0.44921875 0.13701923076923078 0.0859375 0.12740384615384617
0 0.89453125 0.3557692307692308 0.072265625 0.09615384615384616
0 0.76025390625 0.3792067307692308 0.0498046875 0.09014423076923077
0 0.87890625 0.2962740384615385 0.05859375 0.056490384615384616
0 0.80029296875 0.3780048076923077 0.0380859375 0.08533653846153846
0 0.7060546875 0.3713942307692308 0.048828125 0.08173076923076923
0 0.69775390625 0.30528846153846156 0.0380859375 0.0625
0 0.76806640625 0.30709134615384615 0.0361328125 0.046875
0 0.62451171875 0.37680288461538464 0.0517578125 0.08533653846153846
0 0.59765625 0.328125 0.0390625 0.05288461538461539
0 0.55859375 0.2542067307692308 0.03125 0.04927884615384616
0 0.34326171875 0.4092548076923077 0.0380859375 0.06129807692307693
0 0.3564453125 0.32271634615384615 0.033203125 0.05168269230769231
0 0.34765625 0.27043269230769235 0.033203125 0.038461538461538464
0 0.29345703125 0.3395432692307693 0.0283203125 0.03966346153846154
0 0.31103515625 0.3707932692307693 0.0380859375 0.056490384615384616
0 0.26220703125 0.3623798076923077 0.0322265625 0.05168269230769231
0 0.19189453125 0.3665865384615385 0.0361328125 0.06490384615384616
0 0.13818359375 0.37259615384615385 0.0322265625 0.057692307692307696
0 0.07373046875 0.36778846153846156 0.0302734375 0.04567307692307693
0 0.1025390625 0.37680288461538464 0.033203125 0.056490384615384616
