0 0.18359375 0.26281112737920936 0.056640625 0.12445095168374817
0 0.31884765625 0.27013177159590046 0.0615234375 0.12152269399707175
0 0.3857421875 0.2957540263543192 0.044921875 0.08784773060029283
0 0.42626953125 0.3323572474377745 0.0361328125 0.09370424597364568
0 0.470703125 0.36603221083455345 0.037109375 0.07906295754026355
0 0.54541015625 0.3579795021961933 0.0400390625 0.0951683748169839
0 0.5986328125 0.4802342606149341 0.05078125 0.10248901903367497
0 0.63037109375 0.3704245973645681 0.0419921875 0.0849194729136164
0 0.71044921875 0.31112737920937045 0.0673828125 0.11273792093704246
0 0.79248046875 0.30307467057101023 0.0556640625 0.09956076134699854
0 0.888671875 0.2020497803806735 0.05859375 0.1171303074670571
0 0.732421875 0.21669106881405564 0.037109375 0.06734992679355783
