0 0.4765625 0.16679160419790104 0.056640625 0.04272863568215892
0 0.5146484375 0.6469265367316341 0.087890625 0.08845577211394302
0 0.6845703125 0.6454272863568216 0.091796875 0.06146926536731634
0 0.81982421875 0.5685907046476761 0.0498046875 0.05472263868065967
0 0.42724609375 0.6952773613193403 0.0869140625 0.07421289355322339
0 0.32861328125 0.6446776611694153 0.0615234375 0.05247376311844078
0 0.26171875 0.6079460269865067 0.064453125 0.050974512743628186
0 0.05859375 0.7578710644677661 0.078125 0.06746626686656672
0 0.51806640625 0.8238380809595202 0.1318359375 0.10644677661169415
0 0.28125 0.8759370314842578 0.099609375 0.08170914542728636
