0 0.431640625 0.2510917030567686 0.072265625 0.17612809315866085
0 0.544921875 0.22489082969432314 0.095703125 0.1935953420669578
0 0.71484375 0.22561863173216887 0.10546875 0.2037845705967977
0 0.2744140625 0.17831149927219797 0.08203125 0.20232896652110627
0 0.072265625 0.11717612809315867 0.0625 0.12663755458515286
0 0.1826171875 0.16375545851528386 0.07421875 0.15283842794759825
0 0.39697265625 0.09097525473071325 0.0615234375 0.12663755458515286
0 0.47900390625 0.13464337700145562 0.0341796875 0.0713245997088792
0 0.52783203125 0.08078602620087337 0.0185546875 0.048034934497816595
0 0.5693359375 0.07496360989810771 0.0234375 0.042212518195050945
0 0.6259765625 0.05167394468704513 0.046875 0.07423580786026202
