0 0.96142578125 0.4340942562592047 0.0751953125 0.07142857142857142
0 0.86083984375 0.41863033873343153 0.0908203125 0.07879234167893961
0 0.80712890625 0.3943298969072165 0.0771484375 0.08026509572901325
0 0.64208984375 0.4097938144329897 0.0849609375 0.08026509572901325
0 0.53125 0.4421944035346097 0.083984375 0.06995581737849779
0 0.43359375 0.4425625920471281 0.091796875 0.07658321060382917
0 0.3359375 0.41973490427098675 0.078125 0.09425625920471281
0 0.2861328125 0.4164212076583211 0.0703125 0.08321060382916053
0 0.11328125 0.42820324005891014 0.07421875 0.08026509572901325
0 0.154296875 0.4072164948453608 0.078125 0.10456553755522828
