0 0.49462890625 0.0846153846153846 0.1220703125 0.12240802675585284
0 0.6904296875 0.07926421404682274 0.12890625 0.13043478260869565
0 0.86376953125 0.17491638795986622 0.1005859375 0.09966555183946488
0 0.9677734375 0.12675585284280935 0.064453125 0.08762541806020066
0 0.1142578125 0.14247491638795987 0.173828125 0.1217391304347826
0 0.5048828125 0.3806020066889632 0.10546875 0.08160535117056855
0 0.66357421875 0.3959866220735786 0.1357421875 0.0882943143812709
0 0.20703125 0.4969899665551839 0.154296875 0.10434782608695652
0 0.3916015625 0.7464882943143812 0.0703125 0.061538461538461535
0 0.666015625 0.7856187290969899 0.0546875 0.06488294314381271
0 0.91796875 0.7949832775919732 0.08203125 0.06220735785953177
0 0.24609375 0.07826086956521738 0.080078125 0.06555183946488294
