0 0.724609375 0.21354166666666666 0.197265625 0.40104166666666663
0 0.4560546875 0.126953125 0.13671875 0.24609375
0 0.4912109375 0.748046875 0.048828125 0.07942708333333333
0 0.36279296875 0.7272135416666666 0.0283203125 0.04036458333333333
0 0.19189453125 0.775390625 0.0224609375 0.037760416666666664
0 0.2705078125 0.7122395833333333 0.01171875 0.015625
0 0.2490234375 0.7239583333333333 0.009765625 0.015625
0 0.1572265625 0.7799479166666666 0.01171875 0.026041666666666664
0 0.16552734375 0.81640625 0.0185546875 0.033854166666666664
0 0.03369140625 0.7278645833333333 0.0322265625 0.0546875
