0 0.28076171875 0.12225475841874085 0.0673828125 0.12445095168374817
0 0.07080078125 0.7174231332357248 0.0439453125 0.07320644216691069
0 0.130859375 0.7628111273792094 0.041015625 0.06442166910688141
0 0.60400390625 0.7057101024890191 0.0517578125 0.09077598828696926
0 0.54638671875 0.7415812591508053 0.0322265625 0.07759882869692533
0 0.52392578125 0.7284040995607614 0.0244140625 0.05124450951683748
0 0.7001953125 0.7079062957540264 0.03125 0.06588579795021962
0 0.57373046875 0.5585651537335286 0.0185546875 0.03074670571010249
0 0.52880859375 0.5490483162518301 0.0263671875 0.043923865300146414
0 0.2060546875 0.7240117130307467 0.01953125 0.04538799414348463
