0 0.78173828125 0.6886993603411514 0.0185546875 0.05970149253731343
0 0.75341796875 0.685501066098081 0.0166015625 0.053304904051172705
0 0.73046875 0.6897654584221748 0.017578125 0.053304904051172705
0 0.71435546875 0.7057569296375267 0.0166015625 0.05543710021321961
0 0.67333984375 0.7057569296375267 0.0205078125 0.05543710021321961
0 0.63671875 0.7078891257995735 0.015625 0.05543710021321961
0 0.60791015625 0.7345415778251599 0.0166015625 0.04477611940298507
0 0.59423828125 0.7228144989339019 0.0146484375 0.046908315565031986
0 0.56982421875 0.7153518123667377 0.0224609375 0.057569296375266525
0 0.54833984375 0.720682302771855 0.0166015625 0.0511727078891258
0 0.50732421875 0.7121535181236673 0.0185546875 0.046908315565031986
0 0.49072265625 0.7153518123667377 0.0146484375 0.04904051172707889
0 0.447265625 0.7249466950959488 0.017578125 0.05970149253731343
0 0.3984375 0.7238805970149254 0.015625 0.04904051172707889
0 0.34326171875 0.7409381663113006 0.0224609375 0.04904051172707889
0 0.369140625 0.7334754797441364 0.015625 0.046908315565031986
0 0.296875 0.7430703624733476 0.015625 0.04904051172707889
0 0.26611328125 0.7473347547974414 0.0166015625 0.04904051172707889
0 0.216796875 0.7430703624733476 0.021484375 0.053304904051172705
0 0.17822265625 0.744136460554371 0.0185546875 0.042643923240938165
0 0.1484375 0.7515991471215352 0.017578125 0.04051172707889126
