0 0.53271484375 0.11165364583333333 0.0966796875 0.11263020833333333
0 0.431640625 0.2529296875 0.1328125 0.12825520833333331
0 0.23876953125 0.09147135416666666 0.1474609375 0.138671875
0 0.07861328125 0.0927734375 0.1494140625 0.14127604166666666
0 0.76708984375 0.09830729166666666 0.1142578125 0.12760416666666666
0 0.88671875 0.051432291666666664 0.10546875 0.10026041666666666
0 0.26123046875 0.5986328125 0.1376953125 0.13216145833333331
0 0.359375 0.6500651041666666 0.09765625 0.11783854166666666
0 0.45166015625 0.6321614583333333 0.1123046875 0.10026041666666666
0 0.77978515625 0.6002604166666666 0.1298828125 0.11848958333333333
0 0.9482421875 0.6640625 0.103515625 0.09244791666666666
