0 0.30126953125 0.39837997054491897 0.0771484375 0.13402061855670103
0 0.20703125 0.39690721649484534 0.0625 0.11634756995581738
0 0.087890625 0.4896907216494845 0.04296875 0.0780559646539028
0 0.0439453125 0.5441826215022091 0.044921875 0.05743740795287187
0 0.41943359375 0.553019145802651 0.0400390625 0.08689248895434462
0 0.47265625 0.553019145802651 0.05078125 0.10751104565537555
0 0.47705078125 0.8151693667157585 0.0751953125 0.14285714285714285
0 0.58056640625 0.43446244477172313 0.0615234375 0.10309278350515463
0 0.74951171875 0.3939617083946981 0.0693359375 0.14285714285714285
0 0.88427734375 0.36524300441826213 0.0771484375 0.15905743740795286
