0 0.9052734375 0.43245469522240526 0.05859375 0.11696869851729819
0 0.79736328125 0.48187808896210876 0.0517578125 0.11037891268533773
0 0.62060546875 0.4868204283360791 0.0595703125 0.11037891268533773
0 0.4560546875 0.5304777594728172 0.060546875 0.12520593080724876
0 0.314453125 0.5296540362438221 0.056640625 0.12355848434925865
0 0.15234375 0.5049423393739704 0.05859375 0.12355848434925865
0 0.228515625 0.3467874794069193 0.05078125 0.12026359143327842
0 0.33251953125 0.37479406919275127 0.0478515625 0.09719934102141681
0 0.4443359375 0.3624382207578254 0.03515625 0.085667215815486
0 0.513671875 0.34514003294892914 0.041015625 0.09060955518945635
0 0.6220703125 0.32619439868204286 0.041015625 0.10214168039538715
0 0.6845703125 0.3163097199341022 0.041015625 0.08896210873146623
0 0.75341796875 0.2833607907742998 0.0419921875 0.08896210873146623
0 0.904296875 0.07742998352553541 0.05078125 0.10214168039538715
0 0.8056640625 0.1013179571663921 0.04296875 0.09719934102141681
0 0.76318359375 0.10214168039538715 0.0419921875 0.08896210873146623
0 0.7041015625 0.08896210873146623 0.041015625 0.09225700164744646
0 0.6474609375 0.06836902800658978 0.04296875 0.09060955518945635
0 0.60400390625 0.06672158154859967 0.0419921875 0.08072487644151566
0 0.5634765625 0.10049423393739704 0.037109375 0.09225700164744646
0 0.50537109375 0.11614497528830313 0.0361328125 0.08072487644151566
0 0.4345703125 0.12520593080724876 0.044921875 0.09884678747940692
0 0.458984375 0.048599670510708404 0.041015625 0.07413509060955518
0 0.36181640625 0.07084019769357495 0.0537109375 0.09225700164744646
0 0.3046875 0.13673805601317957 0.0390625 0.09555189456342669
0 0.25830078125 0.15321252059308071 0.0458984375 0.10873146622734761
0 0.2001953125 0.14250411861614498 0.046875 0.1070840197693575
0 0.14453125 0.1787479406919275 0.05078125 0.10378912685337727
0 0.08056640625 0.15733113673805602 0.0576171875 0.12026359143327842
