0 0.9384765625 0.16270430906389302 0.0625 0.08766716196136701
0 0.92529296875 0.2726597325408618 0.0791015625 0.1411589895988113
0 0.82373046875 0.17087667161961367 0.0458984375 0.08915304606240712
0 0.77490234375 0.0475482912332838 0.0537109375 0.09212481426448736
0 0.732421875 0.09658246656760772 0.052734375 0.09806835066864784
0 0.78759765625 0.29420505200594355 0.0791015625 0.12481426448736999
0 0.91064453125 0.4227340267459138 0.0634765625 0.1352154531946508
0 0.794921875 0.5846953937592867 0.05859375 0.1263001485884101
0 0.94677734375 0.6515601783060921 0.0830078125 0.12927191679049033
0 0.7568359375 0.4138187221396731 0.0546875 0.10549777117384844
0 0.5986328125 0.2904903417533432 0.060546875 0.11738484398216939
0 0.62255859375 0.11961367013372956 0.0595703125 0.09361069836552749
0 0.56201171875 0.13075780089153044 0.0537109375 0.0950965824665676
0 0.58544921875 0.45988112927191677 0.0654296875 0.10549777117384844
0 0.5986328125 0.6329866270430906 0.080078125 0.12481426448736999
0 0.43603515625 0.62481426448737 0.0732421875 0.14413075780089152
0 0.36669921875 0.4153046062407132 0.0751953125 0.12927191679049033
0 0.37841796875 0.26671619613670133 0.0595703125 0.11441307578008915
0 0.41162109375 0.19836552748885586 0.0517578125 0.10549777117384844
0 0.41015625 0.11144130757800891 0.05078125 0.08915304606240712
0 0.26513671875 0.10401188707280831 0.0498046875 0.09212481426448736
0 0.22021484375 0.15304606240713223 0.0615234375 0.11292719167904902
0 0.19921875 0.37444279346210996 0.06640625 0.1188707280832095
0 0.24755859375 0.47176820208023773 0.0791015625 0.12332838038632986
0 0.22412109375 0.5549777117384844 0.0791015625 0.14413075780089152
0 0.0712890625 0.6448736998514115 0.080078125 0.1337295690936107
0 0.0703125 0.42570579494799404 0.0703125 0.1352154531946508
0 0.0791015625 0.2823179791976226 0.060546875 0.11292719167904902
0 0.05126953125 0.16270430906389302 0.0556640625 0.1025260029717682
0 0.1298828125 0.06909361069836552 0.0625 0.1025260029717682
