0 0.30224609375 0.23348519362186787 0.2548828125 0.37129840546697035
0 0.767578125 0.2579726651480638 0.076171875 0.12642369020501137
0 0.87841796875 0.2824601366742597 0.0869140625 0.10250569476082004
0 0.05615234375 0.21412300683371296 0.1083984375 0.27107061503416857
0 0.89111328125 0.19362186788154898 0.0166015625 0.0296127562642369
0 0.8046875 0.1828018223234624 0.017578125 0.02847380410022779
0 0.75 0.17312072892938496 0.01953125 0.025056947608200455
0 0.71728515625 0.17425968109339407 0.0205078125 0.03644646924829157
0 0.96142578125 0.21070615034168563 0.0224609375 0.0296127562642369
0 0.98046875 0.20387243735763097 0.013671875 0.02277904328018223
0 0.69189453125 0.16685649202733485 0.0244140625 0.03302961275626424
