0 0.7607421875 0.43841642228739003 0.03515625 0.07917888563049853
0 0.87158203125 0.2939882697947214 0.0302734375 0.060117302052785926
0 0.81005859375 0.2961876832844575 0.0283203125 0.05278592375366569
0 0.77978515625 0.3101173020527859 0.0322265625 0.0689149560117302
0 0.72412109375 0.2925219941348974 0.0263671875 0.054252199413489736
0 0.69189453125 0.29472140762463345 0.0341796875 0.07038123167155425
0 0.650390625 0.3057184750733138 0.03125 0.0718475073313783
0 0.66748046875 0.4252199413489736 0.0380859375 0.07331378299120235
0 0.609375 0.3357771260997067 0.033203125 0.07624633431085044
0 0.57080078125 0.44868035190615835 0.0341796875 0.07624633431085044
0 0.55078125 0.5674486803519062 0.04296875 0.0967741935483871
0 0.52392578125 0.3262463343108504 0.0322265625 0.0747800586510264
0 0.564453125 0.30131964809384165 0.03125 0.060117302052785926
0 0.48974609375 0.31451612903225806 0.0322265625 0.06304985337243402
0 0.447265625 0.3350439882697947 0.029296875 0.06304985337243402
0 0.48291015625 0.5637829912023461 0.0458984375 0.08944281524926687
0 0.44384765625 0.45894428152492667 0.0400390625 0.08797653958944282
0 0.4150390625 0.32038123167155425 0.02734375 0.06304985337243402
0 0.38134765625 0.3255131964809384 0.0322265625 0.07917888563049853
0 0.34814453125 0.45527859237536655 0.0322265625 0.08064516129032258
0 0.326171875 0.31744868035190615 0.03125 0.0718475073313783
0 0.28173828125 0.31085043988269795 0.0322265625 0.07917888563049853
0 0.2412109375 0.31378299120234604 0.029296875 0.06158357771260997
0 0.18115234375 0.2991202346041056 0.0380859375 0.07331378299120235
0 0.13671875 0.3152492668621701 0.03125 0.07038123167155425
