0 0.283203125 0.22265625 0.04296875 0.09114583333333333
0 0.29736328125 0.34635416666666663 0.0595703125 0.11197916666666666
0 0.29541015625 0.4680989583333333 0.0537109375 0.10546875
0 0.40673828125 0.46158854166666663 0.0517578125 0.10286458333333333
0 0.53173828125 0.5423177083333333 0.0595703125 0.11328125
0 0.595703125 0.5397135416666666 0.05859375 0.10546875
0 0.72607421875 0.6315104166666666 0.0712890625 0.1328125
0 0.697265625 0.44921875 0.05078125 0.10416666666666666
0 0.76953125 0.43229166666666663 0.05078125 0.09375
0 0.84033203125 0.44791666666666663 0.0556640625 0.09375
0 0.79736328125 0.20052083333333331 0.0458984375 0.09375
0 0.69140625 0.171875 0.048828125 0.08854166666666666
0 0.60546875 0.173828125 0.060546875 0.09765625
0 0.5439453125 0.21158854166666666 0.05078125 0.07682291666666666
0 0.4794921875 0.17252604166666666 0.05859375 0.09765625
0 0.3740234375 0.21809895833333331 0.060546875 0.11328125
