0 0.09814453125 0.16045548654244307 0.0380859375 0.02829537612146308
0 0.3896484375 0.20841959972394755 0.044921875 0.026224982746721876
0 0.7822265625 0.163216011042098 0.025390625 0.026915113871635612
0 0.7939453125 0.37888198757763975 0.0390625 0.033126293995859216
0 0.4462890625 0.3750862663906142 0.033203125 0.03243616287094548
0 0.11962890625 0.3733609385783299 0.0322265625 0.03036576949620428
0 0.45751953125 0.621808143547274 0.0380859375 0.03036576949620428
0 0.75244140625 0.5786749482401656 0.0341796875 0.033816425120772944
0 0.146484375 0.7929606625258799 0.0390625 0.03588681849551415
0 0.5205078125 0.7998619737750172 0.03125 0.027605244996549344
