0 0.9052734375 0.5227864583333333 0.021484375 0.03255208333333333
0 0.7177734375 0.5963541666666666 0.029296875 0.041666666666666664
0 0.6181640625 0.5188802083333333 0.0234375 0.04296875
0 0.4990234375 0.494140625 0.01953125 0.03255208333333333
0 0.583984375 0.4375 0.013671875 0.026041666666666664
0 0.38525390625 0.45703125 0.0126953125 0.0234375
0 0.36376953125 0.46158854166666663 0.0126953125 0.022135416666666664
0 0.3310546875 0.4212239583333333 0.0078125 0.016927083333333332
0 0.90283203125 0.3528645833333333 0.0126953125 0.018229166666666664
0 0.7841796875 0.32682291666666663 0.009765625 0.018229166666666664
