0 0.525390625 0.10631349782293179 0.048828125 0.04862119013062409
0 0.38916015625 0.1995645863570392 0.0302734375 0.03193033381712627
0 0.90087890625 0.09833091436865021 0.0498046875 0.041364296081277216
0 0.74365234375 0.1995645863570392 0.0224609375 0.02467343976777939
0 0.5732421875 0.5566037735849056 0.138671875 0.13062409288824384
0 0.2353515625 0.24637155297532656 0.01953125 0.018142235123367198
0 0.6435546875 0.21734397677793904 0.013671875 0.013788098693759071
0 0.60302734375 0.23004354136429608 0.0126953125 0.013062409288824383
0 0.68212890625 0.19920174165457183 0.0126953125 0.013788098693759071
0 0.60205078125 0.20609579100145137 0.0126953125 0.011611030478955007
0 0.06494140625 0.216255442670537 0.0185546875 0.01741654571843251
0 0.103515625 0.22387518142235124 0.015625 0.018142235123367198
0 0.13720703125 0.2227866473149492 0.0146484375 0.01451378809869376
0 0.19384765625 0.22169811320754718 0.0146484375 0.013788098693759071
0 0.22900390625 0.21806966618287374 0.0126953125 0.012336719883889695
0 0.2607421875 0.2220609579100145 0.01171875 0.01451378809869376
0 0.20166015625 0.18577648766328012 0.0166015625 0.01451378809869376
0 0.23193359375 0.1897677793904209 0.0185546875 0.012336719883889695
