0 0.8828125 0.5182291666666666 0.048828125 0.08333333333333333
0 0.89404296875 0.4466145833333333 0.0478515625 0.06770833333333333
0 0.8974609375 0.3828125 0.04296875 0.07291666666666666
0 0.8232421875 0.400390625 0.044921875 0.08463541666666666
0 0.85595703125 0.41080729166666663 0.0283203125 0.07161458333333333
0 0.81201171875 0.49479166666666663 0.0556640625 0.09895833333333333
0 0.76318359375 0.4641927083333333 0.0400390625 0.06901041666666666
0 0.7236328125 0.486328125 0.04296875 0.08203125
0 0.6982421875 0.4251302083333333 0.048828125 0.08984375
0 0.62451171875 0.4798177083333333 0.0478515625 0.09505208333333333
0 0.5625 0.44205729166666663 0.041015625 0.07421875
0 0.59130859375 0.3977864583333333 0.0400390625 0.08723958333333333
0 0.52734375 0.4251302083333333 0.037109375 0.06380208333333333
0 0.47216796875 0.4778645833333333 0.0634765625 0.1171875
0 0.44140625 0.3704427083333333 0.0546875 0.09505208333333333
0 0.373046875 0.3938802083333333 0.05078125 0.08984375
0 0.42333984375 0.3020833333333333 0.0419921875 0.06770833333333333
0 0.30517578125 0.4921875 0.0576171875 0.09375
0 0.2626953125 0.44401041666666663 0.0546875 0.09895833333333333
0 0.203125 0.4296875 0.06640625 0.11458333333333333
0 0.169921875 0.28580729166666663 0.046875 0.07161458333333333
0 0.11572265625 0.4388020833333333 0.0595703125 0.09114583333333333
0 0.04345703125 0.2884114583333333 0.0458984375 0.05598958333333333
0 0.0517578125 0.3626302083333333 0.056640625 0.08984375
