0 0.076171875 0.4508797653958944 0.080078125 0.18328445747800587
0 0.287109375 0.44501466275659823 0.09375 0.18328445747800587
0 0.515625 0.4802052785923754 0.1015625 0.2155425219941349
0 0.89453125 0.48607038123167157 0.1015625 0.250733137829912
0 0.8935546875 0.25219941348973607 0.0625 0.1407624633431085
0 0.5986328125 0.20087976539589442 0.083984375 0.16715542521994134
0 0.40625 0.26392961876832843 0.06640625 0.15249266862170088
0 0.3076171875 0.3086510263929619 0.056640625 0.10703812316715543
0 0.1396484375 0.27419354838709675 0.06640625 0.11730205278592376
0 0.03955078125 0.21114369501466276 0.0576171875 0.13196480938416422
0 0.78271484375 0.22653958944281524 0.0869140625 0.18328445747800587
